# GNUBANDS: Utility for SIESTA to transform bands output into Gnuplot format
#
#                                                  Emilio Artacho, Feb. 1999
#                                                   Alberto Garcia, May 2012
#                                         Nick Papior, April 2013, July 2016
# --------------------------------------------------------------------------
# E_F / orig        =      0.0000    -3.9946
# k_min, k_max      =     0.0000    2.2762
# E_min, E_max      =   -10.0000   10.0000
# Nbands, Nspin, Nk =     26     1   161
# Using min_band, max_band =      1    26
# Total number of bands =     26
#
#        k            E[eV]
# --------------------------------------------------------------------------

      0.000000     -9.988035  1
      0.013257     -9.996935  1
      0.989530     -9.928735  1
      1.004839     -9.773535  1
      1.020147     -9.614035  1
      1.035455     -9.450235  1
      1.050763     -9.282235  1
      1.066071     -9.110135  1
      1.081379     -8.934135  1
      1.096687     -8.754235  1
      1.111995     -8.570635  1
      1.127303     -8.383535  1
      1.142611     -8.192835  1
      1.154714     -8.240335  1
      1.166816     -8.286335  1
      1.178918     -8.330935  1
      1.191020     -8.373935  1
      1.203122     -8.415235  1
      1.215224     -8.454635  1
      1.227326     -8.492335  1
      1.239428     -8.527935  1
      1.251530     -8.561635  1
      1.263632     -8.593235  1
      1.275735     -8.622835  1
      1.287837     -8.650235  1
      1.299939     -8.675535  1
      1.312041     -8.698635  1
      1.324143     -8.719535  1
      1.336245     -8.738335  1
      1.348347     -8.754835  1
      1.360449     -8.769335  1
      1.372551     -8.781535  1
      1.384654     -8.791735  1
      1.396756     -8.799735  1
      1.408858     -8.805735  1
      1.420960     -8.809735  1
      1.433062     -8.811835  1
      1.445164     -8.811835  1
      1.457266     -8.810035  1
      1.469368     -8.806335  1
      1.481470     -8.800735  1
      1.493573     -8.793335  1
      1.505675     -8.784135  1
      1.517777     -8.773135  1
      1.529879     -8.760335  1
      1.541981     -8.745735  1
      1.554083     -8.729435  1
      1.566185     -8.711335  1
      1.578287     -8.691435  1
      1.590389     -8.669835  1
      1.602491     -8.646535  1
      1.614594     -8.621535  1
      1.626696     -8.594835  1
      1.642932     -8.682635  1
      1.659169     -8.780535  1
      1.675406     -8.887835  1
      1.691642     -9.003435  1
      1.707879     -9.126135  1
      1.724116     -9.254835  1
      1.740352     -9.388035  1
      1.756589     -9.524735  1
      1.772826     -9.663535  1
      1.789063     -9.803535  1
      1.805299     -9.943735  1


      0.000000     -7.372935  1
      0.013257     -7.360035  1
      0.026514     -7.321835  1
      0.039772     -7.259835  1
      0.053029     -7.176235  1
      0.066286     -7.073335  1
      0.079543     -6.953635  1
      0.092800     -6.819335  1
      0.106058     -6.672235  1
      0.119315     -6.514035  1
      0.132572     -6.346135  1
      0.145829     -6.169535  1
      0.159086     -5.985235  1
      0.172344     -5.794035  1
      0.185601     -5.596435  1
      0.198858     -5.393035  1
      0.212115     -5.184435  1
      0.225372     -4.970835  1
      0.238630     -4.752735  1
      0.251887     -4.530435  1
      0.265144     -4.304335  1
      0.278401     -4.074835  1
      0.291658     -3.842135  1
      0.304915     -3.606735  1
      0.318173     -3.368935  1
      0.331430     -3.129335  1
      0.344687     -2.888235  1
      0.357944     -2.646435  1
      0.371201     -2.404435  1
      0.384459     -2.163235  1
      0.397716     -1.923735  1
      0.410973     -1.687235  1
      0.424230     -1.455535  1
      0.437487     -1.230535  1
      0.450745     -1.015335  1
      0.464002     -0.813735  1
      0.477259     -0.630935  1
      0.490516     -0.474035  1
      0.503773     -0.351635  1
      0.517031     -0.272935  1
      0.530288     -0.245735  1
      0.545596     -0.265735  1
      0.560904     -0.324435  1
      0.576212     -0.417935  1
      0.591520     -0.541135  1
      0.606828     -0.688535  1
      0.622136     -0.855235  1
      0.637444     -1.036935  1
      0.652753     -1.230235  1
      0.668061     -1.432535  1
      0.683369     -1.641735  1
      0.698677     -1.856335  1
      0.713985     -2.074835  1
      0.729293     -2.296535  1
      0.744601     -2.520435  1
      0.759909     -2.746035  1
      0.775217     -2.972835  1
      0.790525     -3.200435  1
      0.805833     -3.428535  1
      0.821142     -3.656835  1
      0.836450     -3.885035  1
      0.851758     -4.113135  1
      0.867066     -4.340735  1
      0.882374     -4.567835  1
      0.897682     -4.794235  1
      0.912990     -5.019735  1
      0.928298     -5.244135  1
      0.943606     -5.467435  1
      0.958914     -5.689435  1
      0.974222     -5.909835  1
      0.989530     -6.128735  1
      1.004839     -6.345735  1
      1.020147     -6.560835  1
      1.035455     -6.773735  1
      1.050763     -6.984535  1
      1.066071     -7.192835  1
      1.081379     -7.398535  1
      1.096687     -7.601635  1
      1.111995     -7.801735  1
      1.127303     -7.998935  1
      1.142611     -8.192835  1
      1.154714     -8.144235  1
      1.166816     -8.094435  1
      1.178918     -8.043835  1
      1.191020     -7.992535  1
      1.203122     -7.940635  1
      1.215224     -7.888635  1
      1.227326     -7.836635  1
      1.239428     -7.784835  1
      1.251530     -7.733835  1
      1.263632     -7.683635  1
      1.275735     -7.634835  1
      1.287837     -7.587835  1
      1.299939     -7.542835  1
      1.312041     -7.500335  1
      1.324143     -7.460735  1
      1.336245     -7.424435  1
      1.348347     -7.391835  1
      1.360449     -7.363135  1
      1.372551     -7.338735  1
      1.384654     -7.318735  1
      1.396756     -7.303335  1
      1.408858     -7.292435  1
      1.420960     -7.286135  1
      1.433062     -7.284235  1
      1.445164     -7.286535  1
      1.457266     -7.292835  1
      1.469368     -7.302735  1
      1.481470     -7.315835  1
      1.493573     -7.331935  1
      1.505675     -7.350535  1
      1.517777     -7.371335  1
      1.529879     -7.394035  1
      1.541981     -7.418235  1
      1.554083     -7.443735  1
      1.566185     -7.470235  1
      1.578287     -7.497535  1
      1.590389     -7.525535  1
      1.602491     -7.553935  1
      1.614594     -7.582735  1
      1.626696     -7.611935  1
      1.642932     -7.520735  1
      1.659169     -7.422935  1
      1.675406     -7.318735  1
      1.691642     -7.208035  1
      1.707879     -7.090935  1
      1.724116     -6.967535  1
      1.740352     -6.837735  1
      1.756589     -6.701635  1
      1.772826     -6.559235  1
      1.789063     -6.410535  1
      1.805299     -6.255635  1
      1.821536     -6.094435  1
      1.837773     -5.927035  1
      1.854009     -5.753435  1
      1.870246     -5.573635  1
      1.886483     -5.387735  1
      1.902719     -5.195735  1
      1.918956     -4.997735  1
      1.935193     -4.793735  1
      1.951429     -4.583935  1
      1.967666     -4.368435  1
      1.983903     -4.147335  1
      2.000139     -3.920735  1
      2.016376     -3.688935  1
      2.032613     -3.452135  1
      2.048849     -3.210635  1
      2.065086     -2.964835  1
      2.081323     -2.715235  1
      2.097559     -2.462435  1
      2.113796     -2.207235  1
      2.130033     -1.950935  1
      2.146270     -1.694935  1
      2.162506     -1.441535  1
      2.178743     -1.193835  1
      2.194980     -0.956235  1
      2.211216     -0.735535  1
      2.227453     -0.540735  1
      2.243690     -0.384635  1
      2.259926     -0.281835  1
      2.276163     -0.245735  1


      0.000000     -1.536535  1
      0.013257     -1.535335  1
      0.026514     -1.531835  1
      0.039772     -1.526035  1
      0.053029     -1.517935  1
      0.066286     -1.507535  1
      0.079543     -1.494835  1
      0.092800     -1.479735  1
      0.106058     -1.462435  1
      0.119315     -1.442735  1
      0.132572     -1.420735  1
      0.145829     -1.396435  1
      0.159086     -1.369835  1
      0.172344     -1.341035  1
      0.185601     -1.309935  1
      0.198858     -1.276535  1
      0.212115     -1.241035  1
      0.225372     -1.203335  1
      0.238630     -1.163535  1
      0.251887     -1.121735  1
      0.265144     -1.077935  1
      0.278401     -1.032335  1
      0.291658     -0.985035  1
      0.304915     -0.936035  1
      0.318173     -0.885735  1
      0.331430     -0.834235  1
      0.344687     -0.781835  1
      0.357944     -0.728735  1
      0.371201     -0.675535  1
      0.384459     -0.622435  1
      0.397716     -0.570035  1
      0.410973     -0.518835  1
      0.424230     -0.469735  1
      0.437487     -0.423235  1
      0.450745     -0.380335  1
      0.464002     -0.341835  1
      0.477259     -0.308735  1
      0.490516     -0.281835  1
      0.503773     -0.261935  1
      0.517031     -0.249735  1
      0.530288     -0.245635  1
      0.545596     -0.259335  1
      0.560904     -0.299235  1
      0.576212     -0.362135  1
      0.591520     -0.444035  1
      0.606828     -0.540535  1
      0.622136     -0.647735  1
      0.637444     -0.762235  1
      0.652753     -0.881635  1
      0.668061     -1.003635  1
      0.683369     -1.126735  1
      0.698677     -1.249835  1
      0.713985     -1.371835  1
      0.729293     -1.492135  1
      0.744601     -1.610135  1
      0.759909     -1.725435  1
      0.775217     -1.837535  1
      0.790525     -1.946335  1
      0.805833     -2.051535  1
      0.821142     -2.152835  1
      0.836450     -2.250235  1
      0.851758     -2.343535  1
      0.867066     -2.432535  1
      0.882374     -2.517235  1
      0.897682     -2.597435  1
      0.912990     -2.673235  1
      0.928298     -2.744335  1
      0.943606     -2.810835  1
      0.958914     -2.872535  1
      0.974222     -2.929535  1
      0.989530     -2.981735  1
      1.004839     -3.029035  1
      1.020147     -3.071435  1
      1.035455     -3.108935  1
      1.050763     -3.141535  1
      1.066071     -3.169135  1
      1.081379     -3.191635  1
      1.096687     -3.209235  1
      1.111995     -3.221835  1
      1.127303     -3.229435  1
      1.142611     -3.231935  1
      1.154714     -3.236635  1
      1.166816     -3.250735  1
      1.178918     -3.274135  1
      1.191020     -3.306435  1
      1.203122     -3.346635  1
      1.215224     -3.394035  1
      1.227326     -3.447535  1
      1.239428     -3.506035  1
      1.251530     -3.568535  1
      1.263632     -3.634135  1
      1.275735     -3.701835  1
      1.287837     -3.770835  1
      1.299939     -3.840535  1
      1.312041     -3.910235  1
      1.324143     -3.979235  1
      1.336245     -4.047235  1
      1.348347     -4.113635  1
      1.360449     -4.178135  1
      1.372551     -4.240435  1
      1.384654     -4.300135  1
      1.396756     -4.356935  1
      1.408858     -4.410735  1
      1.420960     -4.461235  1
      1.433062     -4.508135  1
      1.445164     -4.551535  1
      1.457266     -4.591035  1
      1.469368     -4.626635  1
      1.481470     -4.658235  1
      1.493573     -4.685635  1
      1.505675     -4.708935  1
      1.517777     -4.728035  1
      1.529879     -4.742735  1
      1.541981     -4.753235  1
      1.554083     -4.759335  1
      1.566185     -4.761035  1
      1.578287     -4.758435  1
      1.590389     -4.751535  1
      1.602491     -4.740135  1
      1.614594     -4.724435  1
      1.626696     -4.704435  1
      1.642932     -4.761735  1
      1.659169     -4.800135  1
      1.675406     -4.819835  1
      1.691642     -4.821435  1
      1.707879     -4.805735  1
      1.724116     -4.773835  1
      1.740352     -4.726735  1
      1.756589     -4.665635  1
      1.772826     -4.591535  1
      1.789063     -4.505435  1
      1.805299     -4.408235  1
      1.821536     -4.300935  1
      1.837773     -4.184035  1
      1.854009     -4.058535  1
      1.870246     -3.924835  1
      1.886483     -3.783735  1
      1.902719     -3.635635  1
      1.918956     -3.481235  1
      1.935193     -3.321035  1
      1.951429     -3.155435  1
      1.967666     -2.985235  1
      1.983903     -2.810835  1
      2.000139     -2.633035  1
      2.016376     -2.452335  1
      2.032613     -2.269735  1
      2.048849     -2.086035  1
      2.065086     -1.902035  1
      2.081323     -1.719035  1
      2.097559     -1.538235  1
      2.113796     -1.360835  1
      2.130033     -1.188635  1
      2.146270     -1.023135  1
      2.162506     -0.866635  1
      2.178743     -0.721135  1
      2.194980     -0.589235  1
      2.211216     -0.473835  1
      2.227453     -0.378335  1
      2.243690     -0.306235  1
      2.259926     -0.261035  1
      2.276163     -0.245635  1


      0.000000     -1.536535  1
      0.013257     -1.535335  1
      0.026514     -1.531835  1
      0.039772     -1.526035  1
      0.053029     -1.517935  1
      0.066286     -1.507535  1
      0.079543     -1.494835  1
      0.092800     -1.479735  1
      0.106058     -1.462435  1
      0.119315     -1.442735  1
      0.132572     -1.420735  1
      0.145829     -1.396435  1
      0.159086     -1.369835  1
      0.172344     -1.341035  1
      0.185601     -1.309935  1
      0.198858     -1.276535  1
      0.212115     -1.241035  1
      0.225372     -1.203335  1
      0.238630     -1.163535  1
      0.251887     -1.121735  1
      0.265144     -1.077935  1
      0.278401     -1.032335  1
      0.291658     -0.985035  1
      0.304915     -0.936035  1
      0.318173     -0.885735  1
      0.331430     -0.834235  1
      0.344687     -0.781835  1
      0.357944     -0.728735  1
      0.371201     -0.675535  1
      0.384459     -0.622435  1
      0.397716     -0.570035  1
      0.410973     -0.518835  1
      0.424230     -0.469735  1
      0.437487     -0.423235  1
      0.450745     -0.380335  1
      0.464002     -0.341835  1
      0.477259     -0.308735  1
      0.490516     -0.281835  1
      0.503773     -0.261935  1
      0.517031     -0.249735  1
      0.530288     -0.245635  1
      0.545596     -0.259335  1
      0.560904     -0.299135  1
      0.576212     -0.362035  1
      0.591520     -0.443935  1
      0.606828     -0.540435  1
      0.622136     -0.647635  1
      0.637444     -0.762235  1
      0.652753     -0.881535  1
      0.668061     -1.003535  1
      0.683369     -1.126635  1
      0.698677     -1.249735  1
      0.713985     -1.371735  1
      0.729293     -1.492035  1
      0.744601     -1.610035  1
      0.759909     -1.725335  1
      0.775217     -1.837535  1
      0.790525     -1.946235  1
      0.805833     -2.051435  1
      0.821142     -2.152835  1
      0.836450     -2.250135  1
      0.851758     -2.343435  1
      0.867066     -2.432435  1
      0.882374     -2.517135  1
      0.897682     -2.597435  1
      0.912990     -2.673135  1
      0.928298     -2.744235  1
      0.943606     -2.810735  1
      0.958914     -2.872435  1
      0.974222     -2.929435  1
      0.989530     -2.981635  1
      1.004839     -3.028935  1
      1.020147     -3.071335  1
      1.035455     -3.108835  1
      1.050763     -3.141435  1
      1.066071     -3.169035  1
      1.081379     -3.191635  1
      1.096687     -3.209235  1
      1.111995     -3.221735  1
      1.127303     -3.229335  1
      1.142611     -3.231835  1
      1.154714     -3.236435  1
      1.166816     -3.249835  1
      1.178918     -3.271135  1
      1.191020     -3.299435  1
      1.203122     -3.333435  1
      1.215224     -3.371835  1
      1.227326     -3.413335  1
      1.239428     -3.456535  1
      1.251530     -3.500335  1
      1.263632     -3.543435  1
      1.275735     -3.584735  1
      1.287837     -3.623235  1
      1.299939     -3.657935  1
      1.312041     -3.688035  1
      1.324143     -3.712735  1
      1.336245     -3.731335  1
      1.348347     -3.743135  1
      1.360449     -3.747735  1
      1.372551     -3.744735  1
      1.384654     -3.733935  1
      1.396756     -3.715035  1
      1.408858     -3.688235  1
      1.420960     -3.653735  1
      1.433062     -3.611635  1
      1.445164     -3.562635  1
      1.457266     -3.507335  1
      1.469368     -3.446335  1
      1.481470     -3.380735  1
      1.493573     -3.311435  1
      1.505675     -3.239835  1
      1.517777     -3.167235  1
      1.529879     -3.095335  1
      1.541981     -3.025835  1
      1.554083     -2.960935  1
      1.566185     -2.902935  1
      1.578287     -2.854235  1
      1.590389     -2.817535  1
      1.602491     -2.795035  1
      1.614594     -2.789035  1
      1.626696     -2.800835  1
      1.642932     -2.735935  1
      1.659169     -2.667135  1
      1.675406     -2.594535  1
      1.691642     -2.518235  1
      1.707879     -2.438635  1
      1.724116     -2.355835  1
      1.740352     -2.270135  1
      1.756589     -2.181835  1
      1.772826     -2.091135  1
      1.789063     -1.998435  1
      1.805299     -1.904135  1
      1.821536     -1.808635  1
      1.837773     -1.712235  1
      1.854009     -1.615535  1
      1.870246     -1.518835  1
      1.886483     -1.422835  1
      1.902719     -1.327935  1
      1.918956     -1.234835  1
      1.935193     -1.143935  1
      1.951429     -1.055835  1
      1.967666     -0.971135  1
      1.983903     -0.890335  1
      2.000139     -0.813735  1
      2.016376     -0.741935  1
      2.032613     -0.675135  1
      2.048849     -0.613435  1
      2.065086     -0.557135  1
      2.081323     -0.506135  1
      2.097559     -0.460335  1
      2.113796     -0.419635  1
      2.130033     -0.383935  1
      2.146270     -0.352935  1
      2.162506     -0.326435  1
      2.178743     -0.304035  1
      2.194980     -0.285635  1
      2.211216     -0.270935  1
      2.227453     -0.259735  1
      2.243690     -0.251835  1
      2.259926     -0.247235  1
      2.276163     -0.245635  1


      0.000000      1.117065  1
      0.013257      1.118565  1
      0.026514      1.122965  1
      0.039772      1.130465  1
      0.053029      1.140865  1
      0.066286      1.154265  1
      0.079543      1.170565  1
      0.092800      1.189865  1
      0.106058      1.212065  1
      0.119315      1.237165  1
      0.132572      1.265165  1
      0.145829      1.295865  1
      0.159086      1.329465  1
      0.172344      1.365665  1
      0.185601      1.404465  1
      0.198858      1.445765  1
      0.212115      1.489565  1
      0.225372      1.535665  1
      0.238630      1.583965  1
      0.251887      1.634265  1
      0.265144      1.686565  1
      0.278401      1.740365  1
      0.291658      1.795665  1
      0.304915      1.852165  1
      0.318173      1.909265  1
      0.331430      1.966765  1
      0.344687      2.023965  1
      0.357944      2.080165  1
      0.371201      2.134665  1
      0.384459      2.186565  1
      0.397716      2.234565  1
      0.410973      2.277365  1
      0.424230      2.313265  1
      0.437487      2.340565  1
      0.450745      2.356865  1
      0.464002      2.359965  1
      0.477259      2.348365  1
      0.490516      2.311165  1
      0.503773      2.283765  1
      0.517031      2.267065  1
      0.530288      2.261265  1
      0.545596      2.255965  1
      0.560904      2.239665  1
      0.576212      2.212465  1
      0.591520      2.174165  1
      0.606828      2.124965  1
      0.622136      2.065665  1
      0.637444      1.996965  1
      0.652753      1.920165  1
      0.668061      1.836565  1
      0.683369      1.747565  1
      0.698677      1.654665  1
      0.713985      1.558965  1
      0.729293      1.461865  1
      0.744601      1.364265  1
      0.759909      1.267165  1
      0.775217      1.171465  1
      0.790525      1.077865  1
      0.805833      0.987065  1
      0.821142      0.899465  1
      0.836450      0.815765  1
      0.851758      0.736165  1
      0.867066      0.661265  1
      0.882374      0.591265  1
      0.897682      0.526465  1
      0.912990      0.467165  1
      0.928298      0.413565  1
      0.943606      0.365865  1
      0.958914      0.324265  1
      0.974222      0.288965  1
      0.989530      0.260165  1
      1.004839      0.237965  1
      1.020147      0.222565  1
      1.035455      0.214065  1
      1.050763      0.212565  1
      1.066071      0.218365  1
      1.081379      0.231465  1
      1.096687      0.252065  1
      1.111995      0.280265  1
      1.127303      0.316265  1
      1.142611      0.360065  1
      1.154714      0.357165  1
      1.166816      0.372265  1
      1.178918      0.405165  1
      1.191020      0.455265  1
      1.203122      0.521665  1
      1.215224      0.603365  1
      1.227326      0.699365  1
      1.239428      0.808465  1
      1.251530      0.929565  1
      1.263632      1.061665  1
      1.275735      1.203865  1
      1.287837      1.355165  1
      1.299939      1.514765  1
      1.312041      1.682065  1
      1.324143      1.856465  1
      1.336245      2.037165  1
      1.348347      2.223765  1
      1.360449      2.415865  1
      1.372551      2.612865  1
      1.384654      2.814265  1
      1.396756      3.019765  1
      1.408858      3.228765  1
      1.420960      3.440865  1
      1.433062      3.642965  1
      1.445164      3.461465  1
      1.457266      3.231165  1
      1.469368      2.991565  1
      1.481470      2.753265  1
      1.493573      2.520065  1
      1.505675      2.294565  1
      1.517777      2.078365  1
      1.529879      1.873365  1
      1.541981      1.681265  1
      1.554083      1.504165  1
      1.566185      1.344265  1
      1.578287      1.203865  1
      1.590389      1.085565  1
      1.602491      0.991565  1
      1.614594      0.924065  1
      1.626696      0.884465  1
      1.642932      0.963265  1
      1.659169      1.046765  1
      1.675406      1.134765  1
      1.691642      1.226665  1
      1.707879      1.322365  1
      1.724116      1.421265  1
      1.740352      1.522865  1
      1.756589      1.626665  1
      1.772826      1.731865  1
      1.789063      1.837765  1
      1.805299      1.943365  1
      1.821536      2.047765  1
      1.837773      2.149665  1
      1.854009      2.247765  1
      1.870246      2.340665  1
      1.886483      2.426965  1
      1.902719      2.505165  1
      1.918956      2.573965  1
      1.935193      2.632365  1
      1.951429      2.679665  1
      1.967666      2.715765  1
      1.983903      2.740965  1
      2.000139      2.755965  1
      2.016376      2.761965  1
      2.032613      2.760065  1
      2.048849      2.751665  1
      2.065086      2.737965  1
      2.081323      2.719565  1
      2.097559      2.646165  1
      2.113796      2.579265  1
      2.130033      2.518765  1
      2.146270      2.464665  1
      2.162506      2.416965  1
      2.178743      2.375665  1
      2.194980      2.340765  1
      2.211216      2.312165  1
      2.227453      2.289965  1
      2.243690      2.274065  1
      2.259926      2.264565  1
      2.276163      2.261265  1


      0.000000      3.121165  1
      0.013257      3.122565  1
      0.026514      3.126465  1
      0.039772      3.133065  1
      0.053029      3.141965  1
      0.066286      3.153265  1
      0.079543      3.166465  1
      0.092800      3.181365  1
      0.106058      3.197665  1
      0.119315      3.214865  1
      0.132572      3.232465  1
      0.145829      3.249965  1
      0.159086      3.266465  1
      0.172344      3.281365  1
      0.185601      3.293865  1
      0.198858      3.303065  1
      0.212115      3.307965  1
      0.225372      3.307765  1
      0.238630      3.301565  1
      0.251887      3.288565  1
      0.265144      3.268265  1
      0.278401      3.240265  1
      0.291658      3.204465  1
      0.304915      3.161065  1
      0.318173      3.110665  1
      0.331430      3.053765  1
      0.344687      2.991565  1
      0.357944      2.925065  1
      0.371201      2.855465  1
      0.384459      2.784065  1
      0.397716      2.712265  1
      0.410973      2.641365  1
      0.424230      2.572765  1
      0.437487      2.507865  1
      0.450745      2.447865  1
      0.464002      2.394265  1
      0.477259      2.348365  1
      0.490516      2.311165  1
      0.503773      2.283765  1
      0.517031      2.267065  1
      0.530288      2.261365  1
      0.545596      2.278165  1
      0.560904      2.327765  1
      0.576212      2.406865  1
      0.591520      2.511465  1
      0.606828      2.637165  1
      0.622136      2.780065  1
      0.637444      2.936865  1
      0.652753      3.104865  1
      0.668061      3.282065  1
      0.683369      3.466765  1
      0.698677      3.657665  1
      0.713985      3.853865  1
      0.729293      4.054665  1
      0.744601      4.032865  1
      0.759909      3.885765  1
      0.775217      3.715565  1
      0.790525      3.530665  1
      0.805833      3.337365  1
      0.821142      3.140365  1
      0.836450      2.942765  1
      0.851758      2.747065  1
      0.867066      2.554965  1
      0.882374      2.367765  1
      0.897682      2.186465  1
      0.912990      2.011665  1
      0.928298      1.844165  1
      0.943606      1.684165  1
      0.958914      1.532065  1
      0.974222      1.388165  1
      0.989530      1.252565  1
      1.004839      1.125265  1
      1.020147      1.006465  1
      1.035455      0.896265  1
      1.050763      0.794465  1
      1.066071      0.701265  1
      1.081379      0.616365  1
      1.096687      0.539965  1
      1.111995      0.471865  1
      1.127303      0.411865  1
      1.142611      0.360065  1
      1.154714      0.380965  1
      1.166816      0.419565  1
      1.178918      0.475065  1
      1.191020      0.546665  1
      1.203122      0.633365  1
      1.215224      0.734065  1
      1.227326      0.847665  1
      1.239428      0.973065  1
      1.251530      1.109265  1
      1.263632      1.255365  1
      1.275735      1.410565  1
      1.287837      1.574165  1
      1.299939      1.745465  1
      1.312041      1.923865  1
      1.324143      2.108765  1
      1.336245      2.299665  1
      1.348347      2.495965  1
      1.360449      2.697065  1
      1.372551      2.901965  1
      1.384654      3.109065  1
      1.396756      3.315165  1
      1.408858      3.510565  1
      1.420960      3.658065  1
      1.433062      3.655265  1
      1.445164      3.871265  1
      1.457266      4.087565  1
      1.469368      4.301965  1
      1.481470      4.510365  1
      1.493573      4.703265  1
      1.505675      4.856465  1
      1.517777      4.923065  1
      1.529879      4.883865  1
      1.541981      4.783065  1
      1.554083      4.657865  1
      1.566185      4.523565  1
      1.578287      4.386465  1
      1.590389      4.249365  1
      1.602491      4.113565  1
      1.614594      3.980065  1
      1.626696      3.849165  1
      1.642932      4.240965  1
      1.659169      4.638565  1
      1.675406      5.038665  1
      1.691642      5.434665  1
      1.707879      5.806565  1
      1.724116      5.896665  1
      1.740352      5.692265  1
      1.756589      5.492965  1
      1.772826      5.298965  1
      1.789063      5.110165  1
      1.805299      4.926865  1
      1.821536      4.749065  1
      1.837773      4.576865  1
      1.854009      4.410465  1
      1.870246      4.249765  1
      1.886483      4.094965  1
      1.902719      3.946165  1
      1.918956      3.803465  1
      1.935193      3.666765  1
      1.951429      3.536265  1
      1.967666      3.411965  1
      1.983903      3.293965  1
      2.000139      3.182265  1
      2.016376      3.076965  1
      2.032613      2.977965  1
      2.048849      2.885365  1
      2.065086      2.799265  1
      2.081323      2.720165  1
      2.097559      2.698965  1
      2.113796      2.674865  1
      2.130033      2.648365  1
      2.146270      2.618965  1
      2.162506      2.586065  1
      2.178743      2.529665  1
      2.194980      2.460665  1
      2.211216      2.397465  1
      2.227453      2.342565  1
      2.243690      2.299165  1
      2.259926      2.271065  1
      2.276163      2.261365  1


      0.000000      3.121165  1
      0.013257      3.122565  1
      0.026514      3.126465  1
      0.039772      3.133065  1
      0.053029      3.141965  1
      0.066286      3.153265  1
      0.079543      3.166465  1
      0.092800      3.181365  1
      0.106058      3.197665  1
      0.119315      3.214865  1
      0.132572      3.232465  1
      0.145829      3.249965  1
      0.159086      3.266465  1
      0.172344      3.281365  1
      0.185601      3.293865  1
      0.198858      3.303065  1
      0.212115      3.307965  1
      0.225372      3.307765  1
      0.238630      3.301565  1
      0.251887      3.288565  1
      0.265144      3.268265  1
      0.278401      3.240265  1
      0.291658      3.204465  1
      0.304915      3.161065  1
      0.318173      3.110665  1
      0.331430      3.053765  1
      0.344687      2.991565  1
      0.357944      2.925065  1
      0.371201      2.855465  1
      0.384459      2.784065  1
      0.397716      2.712265  1
      0.410973      2.641365  1
      0.424230      2.572765  1
      0.437487      2.507865  1
      0.450745      2.447865  1
      0.464002      2.394265  1
      0.477259      2.348965  1
      0.490516      2.325365  1
      0.503773      2.295765  1
      0.517031      2.270965  1
      0.530288      2.261365  1
      0.545596      2.278265  1
      0.560904      2.327865  1
      0.576212      2.406965  1
      0.591520      2.511565  1
      0.606828      2.637265  1
      0.622136      2.780165  1
      0.637444      2.936965  1
      0.652753      3.104965  1
      0.668061      3.282165  1
      0.683369      3.466865  1
      0.698677      3.657765  1
      0.713985      3.853965  1
      0.729293      4.054765  1
      0.744601      4.259165  1
      0.759909      4.467165  1
      0.775217      4.678065  1
      0.790525      4.891565  1
      0.805833      5.107465  1
      0.821142      5.325565  1
      0.836450      5.545665  1
      0.851758      5.767665  1
      0.867066      5.991465  1
      0.882374      6.216965  1
      0.897682      6.444065  1
      0.912990      6.672765  1
      0.928298      6.902965  1
      0.943606      7.134565  1
      0.958914      7.367365  1
      0.974222      7.601365  1
      0.989530      7.836165  1
      1.004839      8.071365  1
      1.020147      8.306365  1
      1.035455      8.540165  1
      1.050763      8.771365  1
      1.066071      8.997365  1
      1.081379      9.214065  1
      1.096687      9.414065  1
      1.111995      9.584465  1
      1.127303      9.704565  1
      1.142611      9.748965  1
      1.154714      9.732665  1
      1.166816      9.677465  1
      1.178918      9.575865  1
      1.191020      9.425765  1
      1.203122      9.231965  1
      1.215224      9.003565  1
      1.227326      8.749965  1
      1.239428      8.479065  1
      1.251530      8.196465  1
      1.263632      7.906165  1
      1.275735      7.611065  1
      1.287837      7.313265  1
      1.299939      7.014165  1
      1.312041      6.714865  1
      1.324143      6.416465  1
      1.336245      6.119665  1
      1.348347      5.825265  1
      1.360449      5.534065  1
      1.372551      5.247265  1
      1.384654      4.966465  1
      1.396756      4.695265  1
      1.408858      4.443265  1
      1.420960      4.248065  1
      1.433062      4.224665  1
      1.445164      4.376865  1
      1.457266      4.587765  1
      1.469368      4.817965  1
      1.481470      5.057765  1
      1.493573      5.303465  1
      1.505675      5.553665  1
      1.517777      5.596965  1
      1.529879      5.711065  1
      1.541981      5.889965  1
      1.554083      6.095665  1
      1.566185      6.311365  1
      1.578287      6.528865  1
      1.590389      6.741265  1
      1.602491      6.939265  1
      1.614594      7.106265  1
      1.626696      7.217965  1
      1.642932      6.987865  1
      1.659169      6.761165  1
      1.675406      6.538465  1
      1.691642      6.319965  1
      1.707879      6.105965  1
      1.724116      6.072565  1
      1.740352      6.080165  1
      1.756589      5.933365  1
      1.772826      5.750165  1
      1.789063      5.559765  1
      1.805299      5.370165  1
      1.821536      5.184165  1
      1.837773      5.003265  1
      1.854009      4.828065  1
      1.870246      4.658965  1
      1.886483      4.496065  1
      1.902719      4.339665  1
      1.918956      4.189665  1
      1.935193      4.046165  1
      1.951429      3.909065  1
      1.967666      3.778165  1
      1.983903      3.653365  1
      2.000139      3.534565  1
      2.016376      3.421265  1
      2.032613      3.313465  1
      2.048849      3.210565  1
      2.065086      3.112465  1
      2.081323      3.018565  1
      2.097559      2.928665  1
      2.113796      2.842465  1
      2.130033      2.759465  1
      2.146270      2.679565  1
      2.162506      2.602865  1
      2.178743      2.548365  1
      2.194980      2.503865  1
      2.211216      2.450665  1
      2.227453      2.389765  1
      2.243690      2.327965  1
      2.259926      2.279765  1
      2.276163      2.261365  1


      0.000000      8.517465  1
      0.013257      8.519265  1
      0.026514      8.524365  1
      0.039772      8.531965  1
      0.053029      8.540665  1
      0.066286      8.548265  1
      0.079543      8.551765  1
      0.092800      8.547165  1
      0.106058      8.529665  1
      0.119315      8.494065  1
      0.132572      8.436065  1
      0.145829      8.352765  1
      0.159086      8.238665  1
      0.172344      8.062465  1
      0.185601      7.898665  1
      0.198858      7.748265  1
      0.212115      7.609965  1
      0.225372      7.418465  1
      0.238630      7.218965  1
      0.251887      7.013065  1
      0.265144      6.801965  1
      0.278401      6.586565  1
      0.291658      6.367565  1
      0.304915      6.145465  1
      0.318173      5.920865  1
      0.331430      5.694165  1
      0.344687      5.465965  1
      0.357944      5.236965  1
      0.371201      5.007865  1
      0.384459      4.779765  1
      0.397716      4.554065  1
      0.410973      4.332565  1
      0.424230      4.117865  1
      0.437487      3.913265  1
      0.450745      3.723365  1
      0.464002      3.553565  1
      0.477259      3.410265  1
      0.490516      3.298465  1
      0.503773      3.220665  1
      0.517031      3.175665  1
      0.530288      3.161065  1
      0.545596      3.180265  1
      0.560904      3.236065  1
      0.576212      3.323965  1
      0.591520      3.437565  1
      0.606828      3.569265  1
      0.622136      3.711165  1
      0.637444      3.854665  1
      0.652753      3.989965  1
      0.668061      4.105765  1
      0.683369      4.189265  1
      0.698677      4.227865  1
      0.713985      4.213365  1
      0.729293      4.145765  1
      0.744601      4.259265  1
      0.759909      4.467265  1
      0.775217      4.678165  1
      0.790525      4.891665  1
      0.805833      5.107565  1
      0.821142      5.325665  1
      0.836450      5.545765  1
      0.851758      5.767765  1
      0.867066      5.991565  1
      0.882374      6.217065  1
      0.897682      6.444165  1
      0.912990      6.672865  1
      0.928298      6.903065  1
      0.943606      7.134665  1
      0.958914      7.367465  1
      0.974222      7.601465  1
      0.989530      7.836265  1
      1.004839      8.071465  1
      1.020147      8.306465  1
      1.035455      8.540365  1
      1.050763      8.771465  1
      1.066071      8.997565  1
      1.081379      9.214165  1
      1.096687      9.414165  1
      1.111995      9.584565  1
      1.127303      9.704765  1
      1.142611      9.749065  1
      1.154714      9.735465  1
      1.166816      9.699365  1
      1.178918      9.645865  1
      1.191020      9.577965  1
      1.203122      9.497365  1
      1.215224      9.404665  1
      1.227326      9.300065  1
      1.239428      9.183465  1
      1.251530      9.054965  1
      1.263632      8.915065  1
      1.275735      8.764765  1
      1.287837      8.605565  1
      1.299939      8.438865  1
      1.312041      8.266265  1
      1.324143      8.089165  1
      1.336245      7.909065  1
      1.348347      7.726865  1
      1.360449      7.543665  1
      1.372551      7.360065  1
      1.384654      7.176865  1
      1.396756      6.994665  1
      1.408858      6.814065  1
      1.420960      6.635465  1
      1.433062      6.459565  1
      1.445164      6.287265  1
      1.457266      6.119565  1
      1.469368      5.958665  1
      1.481470      5.808465  1
      1.493573      5.678465  1
      1.505675      5.592365  1
      1.517777      5.807265  1
      1.529879      6.063565  1
      1.541981      6.321765  1
      1.554083      6.580965  1
      1.566185      6.839965  1
      1.578287      7.096565  1
      1.590389      7.346865  1
      1.602491      7.581965  1
      1.614594      7.780465  1
      1.626696      7.898365  1
      1.642932      7.703565  1
      1.659169      7.458065  1
      1.675406      7.222765  1
      1.691642      7.003365  1
      1.707879      6.818865  1
      1.724116      6.750065  1
      1.740352      6.694465  1
      1.756589      6.545565  1
      1.772826      6.404665  1
      1.789063      6.272565  1
      1.805299      6.149965  1
      1.821536      6.037765  1
      1.837773      5.936765  1
      1.854009      5.847565  1
      1.870246      5.771065  1
      1.886483      5.707865  1
      1.902719      5.658165  1
      1.918956      5.621865  1
      1.935193      5.598265  1
      1.951429      5.585665  1
      1.967666      5.581365  1
      1.983903      5.581465  1
      2.000139      5.580365  1
      2.016376      5.571165  1
      2.032613      5.545465  1
      2.048849      5.494065  1
      2.065086      5.408165  1
      2.081323      5.282365  1
      2.097559      5.116165  1
      2.113796      4.914765  1
      2.130033      4.687165  1
      2.146270      4.443665  1
      2.162506      4.194865  1
      2.178743      3.951265  1
      2.194980      3.724065  1
      2.211216      3.524865  1
      2.227453      3.364365  1
      2.243690      3.249965  1
      2.259926      3.182965  1
      2.276163      3.161065  1


      0.066286      9.754765  1
      0.079543      9.513365  1
      0.092800      9.278865  1
      0.106058      9.052065  1
      0.119315      8.833965  1
      0.132572      8.625265  1
      0.145829      8.426565  1
      0.159086      8.238665  1
      0.172344      8.062465  1
      0.185601      7.898665  1
      0.198858      7.748265  1
      0.212115      7.612265  1
      0.225372      7.491365  1
      0.238630      7.386465  1
      0.251887      7.298265  1
      0.265144      7.227265  1
      0.278401      7.173765  1
      0.291658      7.137665  1
      0.304915      7.118665  1
      0.318173      7.116165  1
      0.331430      7.129065  1
      0.344687      7.156465  1
      0.357944      7.196665  1
      0.371201      7.248365  1
      0.384459      7.309765  1
      0.397716      7.378965  1
      0.410973      7.454065  1
      0.424230      7.532865  1
      0.437487      7.612965  1
      0.450745      7.691665  1
      0.464002      7.766265  1
      0.477259      7.833465  1
      0.490516      7.890265  1
      0.503773      7.933465  1
      0.517031      7.960665  1
      0.530288      7.969865  1
      0.545596      7.942565  1
      0.560904      7.863765  1
      0.576212      7.742165  1
      0.591520      7.588865  1
      0.606828      7.415265  1
      0.622136      7.232265  1
      0.637444      7.050265  1
      0.652753      6.880065  1
      0.668061      6.733765  1
      0.683369      6.624665  1
      0.698677      6.565765  1
      0.713985      6.565465  1
      0.729293      6.624465  1
      0.744601      6.735165  1
      0.759909      6.886765  1
      0.775217      7.068965  1
      0.790525      7.273465  1
      0.805833      7.494165  1
      0.821142      7.726665  1
      0.836450      7.967965  1
      0.851758      8.215465  1
      0.867066      8.467465  1
      0.882374      8.722465  1
      0.897682      8.979165  1
      0.912990      9.236665  1
      0.928298      9.494065  1
      0.943606      9.750765  1
      1.287837      9.892765  1
      1.299939      9.792565  1
      1.312041      9.698265  1
      1.324143      9.608965  1
      1.336245      9.523465  1
      1.348347      9.440965  1
      1.360449      9.360665  1
      1.372551      9.282065  1
      1.384654      9.204565  1
      1.396756      9.127865  1
      1.408858      9.051665  1
      1.420960      8.975665  1
      1.433062      8.899665  1
      1.445164      8.823665  1
      1.457266      8.747465  1
      1.469368      8.671065  1
      1.481470      8.594465  1
      1.493573      8.517765  1
      1.505675      8.441065  1
      1.517777      8.364565  1
      1.529879      8.288665  1
      1.541981      8.213865  1
      1.554083      8.140865  1
      1.566185      8.070865  1
      1.578287      8.006065  1
      1.590389      7.950465  1
      1.602491      7.911965  1
      1.614594      7.906165  1
      1.626696      7.956765  1
      1.642932      7.714765  1
      1.659169      7.533565  1
      1.675406      7.355665  1
      1.691642      7.182065  1
      1.707879      7.013465  1
      1.724116      6.850665  1
      1.740352      6.947965  1
      1.756589      7.117765  1
      1.772826      6.967965  1
      1.789063      6.828065  1
      1.805299      6.698565  1
      1.821536      6.579765  1
      1.837773      6.472365  1
      1.854009      6.376665  1
      1.870246      6.293365  1
      1.886483      6.222865  1
      1.902719      6.165665  1
      1.918956      6.122265  1
      1.935193      6.093165  1
      1.951429      6.078865  1
      1.967666      6.079565  1
      1.983903      6.095665  1
      2.000139      6.127265  1
      2.016376      6.174365  1
      2.032613      6.236965  1
      2.048849      6.314765  1
      2.065086      6.407265  1
      2.081323      6.513765  1
      2.097559      6.633265  1
      2.113796      6.764465  1
      2.130033      6.905665  1
      2.146270      7.054865  1
      2.162506      7.208965  1
      2.178743      7.364465  1
      2.194980      7.516465  1
      2.211216      7.658965  1
      2.227453      7.784165  1
      2.243690      7.883365  1
      2.259926      7.947565  1
      2.276163      7.969865  1


      0.066286      9.754765  1
      0.079543      9.513365  1
      0.092800      9.278865  1
      0.106058      9.052065  1
      0.119315      8.833965  1
      0.132572      8.625265  1
      0.145829      8.426565  1
      0.159086      8.244065  1
      0.172344      8.111865  1
      0.185601      7.959765  1
      0.198858      7.791365  1
      0.212115      7.612265  1
      0.225372      7.491365  1
      0.238630      7.386465  1
      0.251887      7.298265  1
      0.265144      7.227265  1
      0.278401      7.173765  1
      0.291658      7.137665  1
      0.304915      7.118665  1
      0.318173      7.116165  1
      0.331430      7.129065  1
      0.344687      7.156465  1
      0.357944      7.196665  1
      0.371201      7.248365  1
      0.384459      7.309765  1
      0.397716      7.378965  1
      0.410973      7.454065  1
      0.424230      7.532865  1
      0.437487      7.612965  1
      0.450745      7.691665  1
      0.464002      7.766265  1
      0.477259      7.833465  1
      0.490516      7.890265  1
      0.503773      7.933465  1
      0.517031      7.960665  1
      0.530288      7.969865  1
      0.545596      7.972665  1
      0.560904      7.981165  1
      0.576212      7.995265  1
      0.591520      8.014965  1
      0.606828      8.040365  1
      0.622136      8.071365  1
      0.637444      8.108165  1
      0.652753      8.150565  1
      0.668061      8.198765  1
      0.683369      8.252665  1
      0.698677      8.312365  1
      0.713985      8.377865  1
      0.729293      8.449265  1
      0.744601      8.526465  1
      0.759909      8.609665  1
      0.775217      8.698865  1
      0.790525      8.794065  1
      0.805833      8.895365  1
      0.821142      9.002865  1
      0.836450      9.116665  1
      0.851758      9.236765  1
      0.867066      9.363365  1
      0.882374      9.496365  1
      0.897682      9.636165  1
      0.912990      9.782565  1
      0.928298      9.935965  1
      1.493573      9.877265  1
      1.505675      9.737465  1
      1.517777      9.596265  1
      1.529879      9.454565  1
      1.541981      9.313165  1
      1.554083      9.172965  1
      1.566185      9.035465  1
      1.578287      8.902665  1
      1.590389      8.778665  1
      1.602491      8.672265  1
      1.614594      8.604565  1
      1.626696      8.619465  1
      1.642932      8.406265  1
      1.659169      8.199465  1
      1.675406      7.999565  1
      1.691642      7.806865  1
      1.707879      7.621965  1
      1.724116      7.445165  1
      1.740352      7.276965  1
      1.756589      7.307265  1
      1.772826      7.708065  1
      1.789063      8.118965  1
      1.805299      8.529265  1
      1.821536      8.933065  1
      1.837773      9.325365  1
      1.854009      9.700965  1
      1.967666      9.903565  1
      1.983903      9.532665  1
      2.000139      9.182365  1
      2.016376      8.858065  1
      2.032613      8.566065  1
      2.048849      8.314065  1
      2.065086      8.108765  1
      2.081323      7.954365  1
      2.097559      7.850365  1
      2.113796      7.790965  1
      2.130033      7.767465  1
      2.146270      7.770365  1
      2.162506      7.790865  1
      2.178743      7.821865  1
      2.194980      7.857365  1
      2.211216      7.892765  1
      2.227453      7.924265  1
      2.243690      7.948865  1
      2.259926      7.964565  1
      2.276163      7.969865  1


