# EIG2DOS: Utility for SIESTA to obtain the electronic density of states
#  E. Artacho, Apr 1999, A. Garcia, Apr 2012
#  Nick R. Papior, Feb 2017
# ------------------------------------------
# Eigenvalues calculated from a non-polarized calculation
# Eigenvalues read from silicon.EIG
# Kpoint weights read from silicon.KP
# Using smearing parameter:   0.2000
# Using 200 points in the energy range
# Selected bands: 1 to: 26
# Emin, Emax in file for selected band(s):    -16.1434582     92.6899443
# Nbands, Nspin, Nk   =     26     1   108
# E_F                 =    -3.9918 eV (NOT shifted)
# Broadening          =     0.2000 eV
#
#        E            N(up)  (=)   N(down)         Ntot
    -17.343458      0.000000      0.000000      0.000000
    -16.784496      0.000001      0.000001      0.000002
    -16.225535      0.031800      0.031800      0.063601
    -15.666573      0.134617      0.134617      0.269233
    -15.107611      0.181102      0.181102      0.362204
    -14.548649      0.307563      0.307563      0.615125
    -13.989687      0.363967      0.363967      0.727935
    -13.430725      0.407617      0.407617      0.815233
    -12.871764      0.284398      0.284398      0.568796
    -12.312802      0.034126      0.034126      0.068251
    -11.753840      0.106789      0.106789      0.213577
    -11.194878      0.491547      0.491547      0.983094
    -10.635916      0.367887      0.367887      0.735775
    -10.076955      0.381345      0.381345      0.762689
     -9.517993      0.105059      0.105059      0.210118
     -8.959031      0.081108      0.081108      0.162215
     -8.400069      0.602791      0.602791      1.205583
     -7.841107      0.641252      0.641252      1.282504
     -7.282145      0.738106      0.738106      1.476212
     -6.723184      0.655369      0.655369      1.310738
     -6.164222      0.654200      0.654200      1.308399
     -5.605260      0.382789      0.382789      0.765578
     -5.046298      0.255665      0.255665      0.511329
     -4.487336      0.090089      0.090089      0.180178
     -3.928374      0.003587      0.003587      0.007174
     -3.369413      0.119772      0.119772      0.239543
     -2.810451      0.377165      0.377165      0.754329
     -2.251489      0.696698      0.696698      1.393395
     -1.692527      0.689094      0.689094      1.378189
     -1.133565      0.744116      0.744116      1.488233
     -0.574604      0.885476      0.885476      1.770953
     -0.015642      0.608413      0.608413      1.216826
      0.543320      0.581782      0.581782      1.163565
      1.102282      0.388940      0.388940      0.777880
      1.661244      0.821141      0.821141      1.642282
      2.220206      0.394843      0.394843      0.789686
      2.779167      0.391011      0.391011      0.782022
      3.338129      0.981069      0.981069      1.962138
      3.897091      0.579526      0.579526      1.159052
      4.456053      0.358787      0.358787      0.717575
      5.015015      0.538368      0.538368      1.076735
      5.573976      0.539579      0.539579      1.079158
      6.132938      0.417410      0.417410      0.834821
      6.691900      0.764040      0.764040      1.528080
      7.250862      0.687352      0.687352      1.374703
      7.809824      0.326982      0.326982      0.653964
      8.368786      0.907596      0.907596      1.815192
      8.927747      0.537349      0.537349      1.074698
      9.486709      0.481841      0.481841      0.963681
     10.045671      1.013624      1.013624      2.027247
     10.604633      0.795885      0.795885      1.591769
     11.163595      0.323049      0.323049      0.646099
     11.722557      0.491330      0.491330      0.982659
     12.281518      0.398913      0.398913      0.797825
     12.840480      0.663410      0.663410      1.326820
     13.399442      0.423533      0.423533      0.847066
     13.958404      0.445054      0.445054      0.890107
     14.517366      0.537579      0.537579      1.075158
     15.076327      0.412247      0.412247      0.824493
     15.635289      0.523312      0.523312      1.046624
     16.194251      0.648268      0.648268      1.296536
     16.753213      0.589009      0.589009      1.178017
     17.312175      0.718636      0.718636      1.437273
     17.871137      0.426837      0.426837      0.853675
     18.430098      0.492608      0.492608      0.985215
     18.989060      1.063913      1.063913      2.127826
     19.548022      0.281003      0.281003      0.562006
     20.106984      0.466894      0.466894      0.933787
     20.665946      0.208883      0.208883      0.417766
     21.224907      0.711603      0.711603      1.423207
     21.783869      0.185121      0.185121      0.370242
     22.342831      0.161953      0.161953      0.323907
     22.901793      0.388842      0.388842      0.777684
     23.460755      0.256138      0.256138      0.512277
     24.019717      0.250197      0.250197      0.500395
     24.578678      0.353380      0.353380      0.706759
     25.137640      0.504916      0.504916      1.009831
     25.696602      0.360992      0.360992      0.721985
     26.255564      0.235823      0.235823      0.471645
     26.814526      0.819445      0.819445      1.638891
     27.373488      0.031805      0.031805      0.063609
     27.932449      0.018527      0.018527      0.037055
     28.491411      0.559684      0.559684      1.119367
     29.050373      0.260464      0.260464      0.520927
     29.609335      0.222066      0.222066      0.444131
     30.168297      0.225208      0.225208      0.450416
     30.727258      0.094305      0.094305      0.188609
     31.286220      0.207655      0.207655      0.415310
     31.845182      0.104496      0.104496      0.208992
     32.404144      0.073650      0.073650      0.147299
     32.963106      0.038045      0.038045      0.076090
     33.522068      0.232791      0.232791      0.465583
     34.081029      0.119334      0.119334      0.238669
     34.639991      0.220944      0.220944      0.441889
     35.198953      0.068658      0.068658      0.137317
     35.757915      0.039288      0.039288      0.078576
     36.316877      0.067520      0.067520      0.135039
     36.875838      0.123523      0.123523      0.247047
     37.434800      0.275956      0.275956      0.551912
     37.993762      0.090898      0.090898      0.181796
     38.552724      0.200660      0.200660      0.401319
     39.111686      0.253441      0.253441      0.506881
     39.670648      0.219222      0.219222      0.438444
     40.229609      0.095073      0.095073      0.190147
     40.788571      0.187448      0.187448      0.374896
     41.347533      0.256078      0.256078      0.512156
     41.906495      0.185456      0.185456      0.370912
     42.465457      0.152455      0.152455      0.304909
     43.024419      0.157003      0.157003      0.314007
     43.583380      0.040978      0.040978      0.081956
     44.142342      0.352420      0.352420      0.704839
     44.701304      0.081360      0.081360      0.162719
     45.260266      0.214149      0.214149      0.428298
     45.819228      0.113952      0.113952      0.227904
     46.378189      0.054399      0.054399      0.108799
     46.937151      0.236913      0.236913      0.473826
     47.496113      0.130661      0.130661      0.261321
     48.055075      0.059464      0.059464      0.118929
     48.614037      0.037200      0.037200      0.074400
     49.172999      0.134241      0.134241      0.268482
     49.731960      0.188293      0.188293      0.376587
     50.290922      0.149579      0.149579      0.299158
     50.849884      0.000644      0.000644      0.001288
     51.408846      0.054838      0.054838      0.109676
     51.967808      0.201494      0.201494      0.402987
     52.526770      0.007045      0.007045      0.014090
     53.085731      0.135937      0.135937      0.271874
     53.644693      0.092536      0.092536      0.185072
     54.203655      0.161835      0.161835      0.323671
     54.762617      0.044206      0.044206      0.088413
     55.321579      0.197300      0.197300      0.394600
     55.880540      0.007728      0.007728      0.015455
     56.439502      0.291082      0.291082      0.582163
     56.998464      0.066928      0.066928      0.133856
     57.557426      0.000001      0.000001      0.000001
     58.116388      0.000000      0.000000      0.000000
     58.675350      0.000000      0.000000      0.000000
     59.234311      0.000000      0.000000      0.000000
     59.793273      0.007663      0.007663      0.015325
     60.352235      0.015793      0.015793      0.031586
     60.911197      0.204056      0.204056      0.408112
     61.470159      0.026858      0.026858      0.053716
     62.029120      0.000010      0.000010      0.000021
     62.588082      0.005114      0.005114      0.010228
     63.147044      0.142183      0.142183      0.284365
     63.706006      0.001233      0.001233      0.002466
     64.264968      0.097833      0.097833      0.195666
     64.823930      0.185955      0.185955      0.371910
     65.382891      0.003227      0.003227      0.006454
     65.941853      0.126743      0.126743      0.253486
     66.500815      0.003185      0.003185      0.006370
     67.059777      0.000000      0.000000      0.000000
     67.618739      0.000000      0.000000      0.000000
     68.177701      0.000016      0.000016      0.000033
     68.736662      0.149001      0.149001      0.298002
     69.295624      0.129737      0.129737      0.259474
     69.854586      0.000005      0.000005      0.000009
     70.413548      0.000000      0.000000      0.000000
     70.972510      0.000289      0.000289      0.000579
     71.531471      0.065241      0.065241      0.130482
     72.090433      0.000002      0.000002      0.000005
     72.649395      0.000004      0.000004      0.000008
     73.208357      0.126473      0.126473      0.252945
     73.767319      0.068294      0.068294      0.136588
     74.326281      0.021256      0.021256      0.042511
     74.885242      0.008701      0.008701      0.017403
     75.444204      0.014002      0.014002      0.028003
     76.003166      0.000000      0.000000      0.000000
     76.562128      0.000000      0.000000      0.000001
     77.121090      0.085913      0.085913      0.171826
     77.680051      0.026799      0.026799      0.053599
     78.239013      0.112539      0.112539      0.225078
     78.797975      0.001311      0.001311      0.002623
     79.356937      0.000000      0.000000      0.000000
     79.915899      0.000000      0.000000      0.000000
     80.474861      0.000039      0.000039      0.000079
     81.033822      0.078241      0.078241      0.156481
     81.592784      0.060211      0.060211      0.120422
     82.151746      0.000656      0.000656      0.001313
     82.710708      0.068021      0.068021      0.136042
     83.269670      0.001577      0.001577      0.003154
     83.828632      0.102751      0.102751      0.205501
     84.387593      0.074317      0.074317      0.148635
     84.946555      0.000109      0.000109      0.000218
     85.505517      0.000266      0.000266      0.000533
     86.064479      0.017044      0.017044      0.034088
     86.623441      0.000000      0.000000      0.000000
     87.182402      0.000000      0.000000      0.000000
     87.741364      0.000000      0.000000      0.000000
     88.300326      0.000000      0.000000      0.000000
     88.859288      0.000000      0.000000      0.000000
     89.418250      0.000000      0.000000      0.000000
     89.977212      0.000000      0.000000      0.000000
     90.536173      0.000000      0.000000      0.000000
     91.095135      0.000000      0.000000      0.000000
     91.654097      0.000000      0.000000      0.000000
     92.213059      0.000266      0.000266      0.000532
     92.772021      0.066209      0.066209      0.132419
     93.330982      0.000003      0.000003      0.000005
     93.889944      0.000000      0.000000      0.000000
