   108
     1   -0.357189    0.051027    0.051027       0.009259
     2   -0.255135    0.153081   -0.051027       0.009259
     3   -0.153081    0.255135   -0.153081       0.009259
     4   -0.051027    0.357189   -0.255135       0.009259
     5    0.051027    0.459243   -0.357189       0.009259
     6   -0.459243   -0.051027    0.153081       0.009259
     7   -0.255135   -0.051027    0.153081       0.009259
     8   -0.153081    0.051027    0.051027       0.009259
     9   -0.051027    0.153081   -0.051027       0.009259
    10    0.051027    0.255135   -0.153081       0.009259
    11    0.153081    0.357189   -0.255135       0.009259
    12   -0.357189   -0.153081    0.255135       0.009259
    13   -0.153081   -0.153081    0.255135       0.009259
    14   -0.051027   -0.051027    0.153081       0.009259
    15    0.051027    0.051027    0.051027       0.009259
    16    0.153081    0.153081   -0.051027       0.009259
    17    0.255135    0.255135   -0.153081       0.009259
    18   -0.255135   -0.255135    0.357189       0.009259
    19   -0.051027   -0.255135    0.357189       0.009259
    20    0.051027   -0.153081    0.255135       0.009259
    21    0.153081   -0.051027    0.153081       0.009259
    22    0.255135    0.051027    0.051027       0.009259
    23    0.357189    0.153081   -0.051027       0.009259
    24   -0.153081   -0.357189    0.459243       0.009259
    25    0.051027   -0.357189    0.459243       0.009259
    26    0.153081   -0.255135    0.357189       0.009259
    27    0.255135   -0.153081    0.255135       0.009259
    28    0.357189   -0.051027    0.153081       0.009259
    29    0.459243    0.051027    0.051027       0.009259
    30   -0.051027   -0.459243    0.561297       0.009259
    31   -0.459243    0.153081   -0.051027       0.009259
    32   -0.357189    0.255135   -0.153081       0.009259
    33   -0.255135    0.357189   -0.255135       0.009259
    34   -0.153081    0.459243   -0.357189       0.009259
    35   -0.051027    0.561297   -0.459243       0.009259
    36   -0.561297    0.051027    0.051027       0.009259
    37   -0.459243    0.153081    0.153081       0.009259
    38   -0.357189    0.255135    0.051027       0.009259
    39   -0.255135    0.357189   -0.051027       0.009259
    40   -0.153081    0.459243   -0.153081       0.009259
    41   -0.051027    0.561297   -0.255135       0.009259
    42   -0.561297    0.051027    0.255135       0.009259
    43   -0.357189    0.051027    0.255135       0.009259
    44   -0.255135    0.153081    0.153081       0.009259
    45   -0.153081    0.255135    0.051027       0.009259
    46   -0.051027    0.357189   -0.051027       0.009259
    47    0.051027    0.459243   -0.153081       0.009259
    48   -0.459243   -0.051027    0.357189       0.009259
    49   -0.255135   -0.051027    0.357189       0.009259
    50   -0.153081    0.051027    0.255135       0.009259
    51   -0.051027    0.153081    0.153081       0.009259
    52    0.051027    0.255135    0.051027       0.009259
    53    0.153081    0.357189   -0.051027       0.009259
    54   -0.357189   -0.153081    0.459243       0.009259
    55   -0.153081   -0.153081    0.459243       0.009259
    56   -0.051027   -0.051027    0.357189       0.009259
    57    0.051027    0.051027    0.255135       0.009259
    58    0.153081    0.153081    0.153081       0.009259
    59    0.255135    0.255135    0.051027       0.009259
    60   -0.255135   -0.255135    0.561297       0.009259
    61   -0.051027   -0.255135    0.561297       0.009259
    62    0.051027   -0.153081    0.459243       0.009259
    63    0.153081   -0.051027    0.357189       0.009259
    64    0.255135    0.051027    0.255135       0.009259
    65    0.357189    0.153081    0.153081       0.009259
    66   -0.153081   -0.357189    0.663351       0.009259
    67   -0.561297    0.255135    0.051027       0.009259
    68   -0.459243    0.357189   -0.051027       0.009259
    69   -0.357189    0.459243   -0.153081       0.009259
    70   -0.255135    0.561297   -0.255135       0.009259
    71   -0.153081    0.663351   -0.357189       0.009259
    72   -0.663351    0.153081    0.153081       0.009259
    73   -0.561297    0.255135    0.255135       0.009259
    74   -0.459243    0.357189    0.153081       0.009259
    75   -0.357189    0.459243    0.051027       0.009259
    76   -0.255135    0.561297   -0.051027       0.009259
    77   -0.153081    0.663351   -0.153081       0.009259
    78   -0.663351    0.153081    0.357189       0.009259
    79   -0.459243    0.153081    0.357189       0.009259
    80   -0.357189    0.255135    0.255135       0.009259
    81   -0.255135    0.357189    0.153081       0.009259
    82   -0.153081    0.459243    0.051027       0.009259
    83   -0.051027    0.561297   -0.051027       0.009259
    84   -0.561297    0.051027    0.459243       0.009259
    85   -0.357189    0.051027    0.459243       0.009259
    86   -0.255135    0.153081    0.357189       0.009259
    87   -0.153081    0.255135    0.255135       0.009259
    88   -0.051027    0.357189    0.153081       0.009259
    89    0.051027    0.459243    0.051027       0.009259
    90   -0.459243   -0.051027    0.561297       0.009259
    91   -0.255135   -0.051027    0.561297       0.009259
    92   -0.153081    0.051027    0.459243       0.009259
    93   -0.051027    0.153081    0.357189       0.009259
    94    0.051027    0.255135    0.255135       0.009259
    95    0.153081    0.357189    0.153081       0.009259
    96   -0.357189   -0.153081    0.663351       0.009259
    97   -0.153081   -0.153081    0.663351       0.009259
    98   -0.051027   -0.051027    0.561297       0.009259
    99    0.051027    0.051027    0.459243       0.009259
   100    0.153081    0.153081    0.357189       0.009259
   101    0.255135    0.255135    0.255135       0.009259
   102   -0.255135   -0.255135    0.765405       0.009259
   103   -0.663351    0.357189    0.153081       0.009259
   104   -0.561297    0.459243    0.051027       0.009259
   105   -0.459243    0.561297   -0.051027       0.009259
   106   -0.357189    0.663351   -0.153081       0.009259
   107   -0.255135    0.765405   -0.255135       0.009259
   108   -0.765405    0.255135    0.255135       0.009259
