    18
     1   -0.260016   -0.225174    0.675522       0.055556
     2   -0.130008   -0.000000    0.675522       0.055556
     3    0.000000    0.225174    0.675522       0.055556
     4    0.130008    0.450348    0.675522       0.055556
     5    0.260016    0.675522    0.675522       0.055556
     6   -0.390024   -0.450348    0.675522       0.055556
     7   -0.390024    0.000000    0.675522       0.055556
     8   -0.260016    0.225174    0.675522       0.055556
     9   -0.130008    0.450348    0.675522       0.055556
    10    0.000000    0.675522    0.675522       0.055556
    11    0.130008    0.900695    0.675522       0.055556
    12   -0.520032   -0.225174    0.675522       0.055556
    13   -0.520032    0.225174    0.675522       0.055556
    14   -0.390024    0.450348    0.675522       0.055556
    15   -0.260016    0.675522    0.675522       0.055556
    16   -0.130008    0.900695    0.675522       0.055556
    17    0.000000    1.125869    0.675522       0.055556
    18   -0.650040    0.000000    0.675522       0.055556
